000010011110010001110000010011011101111010110011011101010110
110010000010011000110001111110110010001010100101110111110001
101110110101010000100101000011101101110100111110001001011000
101011111100001011111010010001100011101011000000100010111000
011110001111010001100110100011011101101001000101000001101010
111001000111111001110100101000100111001001000001101000110000
100001010000001110100011110000010101100001010001100011111110
111000011101110001111111100110000000001011010100010000010010
111001001011010101100011000011111001011101010101010011000010
011101110010010000101110100001001111110001011000111110101111
001011110100001111100111111111001000111111100100010000111110
001011001110100110110101101100000000111110100100111000101101
111101111111100010101100100010000100011110010101110001011000
101000010011001001010001101101001101100100110111111000100111
111101100010100100010101010100110111011000000001001110000100
010001111011001110110110000010011001101011000001011011100111
100001110110110000101000111101100011100011101100101010010001
011100100101000001000110011110010101101011100101010001000111
110010101101010110010010001010111111011111011010011001011011
000111000000010011011001001011111111011100011000101000010110
011111000110100010000101111001001111101011111011010100110001
100000101100101011010010001111001001111000010010100011101111
010101101011110111100100010000010011100001010100111101000100
111000110101100001100101111111011110010001010010011011010110
011100010110001110000100100010101011111101101000010110110000
111001000110011011011110111000010101101011111110000101011011
001110100110000101111110000010000001110010010011011010010111
011100010010001000100001110011101110110110011110010110010110
111000101000111101100100011100011101100100110001011100010011
111110000001111001101001110010110100111010001011110011111100
011000000000001010100111110010010110101011111101011001111011
011001000001101011100011100111111000001010011000011100010100
101000010110100000110110100010100110011010001001110101111001
011010001010110101110111100101001001101110110110000011010111
100101110010110110101011100100010110100000010011000100111100
